24
	634463200940206	7
	1269275943899301	5
	826219182110034	28
24
	385087970139149	10
	1143847216365656	12
	421579216232875	27
	error_write421579216232875	0	27
	error_write421579216232875	26	27
	661451978463179	4
	512390013629080	7
	1382287962234391	30
	error_write1382287962234391	0	30
	error_write1382287962234391	29	30
	2964290497169484	26
	error_write2964290497169484	0	26
	error_write2964290497169484	25	26
	201233162210043	14
	520434423045073	13
	2771918203112729	10
	638853767346667	11
	436652328215840	18
	1332394630609049	20
	error_write1332394630609049	0	20
	error_write1332394630609049	19	20
	375565800890987	4
	519108353276380	23
	error_write519108353276380	0	23
	error_write519108353276380	22	23
	691936811856949	11
	3467964180150230	25
	error_write3467964180150230	0	25
	error_write3467964180150230	24	25
	821565065904802	12
	4882030998500328	5
	397688834740295	10
	916542592349262	7
	962782901169039	16
	4845577098896928	12
	614959363090679	10

24
24
24
24
24
	385087970139149	10
	634463200940206	7
	826219182110034	28
	error_write 826219182110034	0	28
	error_write 826219182110034	27	28
	421579216232875	27
	error_write 421579216232875	0	27
	error_write 421579216232875	26	27
	1269275943899301	5
	1143847216365656	12
	2964290497169484	26
	error_write 2964290497169484	0	26
	error_write 2964290497169484	25	26
	512390013629080	7
	676869323512182	17
	313009874199259	17
	4813296288787454	7
	638853767346667	11
	520434423045073	13
	2771918203112729	10
	1985639284941211	8
	201233162210043	14
	386919802972946	14
	4845577098896928	12
	1382287962234391	30
	error_write 1382287962234391	0	30
	error_write 1382287962234391	29	30
	960141521373871	19
	error_write 960141521373871	0	19
	478915247258661	26
	error_write 478915247258661	0	26
	error_write 478915247258661	25	26
	707167637078048	10
	539955314114221	11
	2090919337727503	6
find ads = 24
	603630720744031	13
	543971126855816	28
	error_write 543971126855816	0	28
	error_write 543971126855816	27	28
	4995800387153965	7
	973731719949835	19
	error_write 973731719949835	0	19
	687578092403992	10
	631892291445697	7
	1332394630609049	20
	error_write 1332394630609049	0	20
	error_write 1332394630609049	19	20
	509043737404211	6
find ads = 24
	614959363090679	10
	375565800890987	4
	1403337446746503	6
	470785618049591	9
	691936811856949	11
	491414442678525	15
	436652328215840	18
	519108353276380	23
	error_write 519108353276380	0	23
	error_write 519108353276380	22	23
	366743255053557	23
	error_write 366743255053557	0	23
	error_write 366743255053557	22	23
	397688834740295	10
	3467964180150230	25
	error_write 3467964180150230	0	25
	error_write 3467964180150230	24	25
	4882030998500328	5
	1096835824432547	19
	error_write 1096835824432547	0	19
	369616767944054	7
	2994892804173684	10
	3187057581505682	3
	357783072935754	20
	error_write 357783072935754	0	20
	error_write 357783072935754	19	20
add ads = 24
find ads = 24
	280506984189293	23
	error_write 280506984189293	0	23
	error_write 280506984189293	22	23
	247849903959113	25
	error_write 247849903959113	0	25
	error_write 247849903959113	24	25
	482791933254627	19
	error_write 482791933254627	0	19
	666360357735561	15
	677924343551783	26
	error_write 677924343551783	0	26
	error_write 677924343551783	25	26
	2404472109690247	17
	688780669233102	33
	error_write 688780669233102	0	33
	error_write 688780669233102	32	33
	916542592349262	7
add ads = 24
find ads = 24
	1013734472614162	10
	481333253348604	5
	719578175871521	10
	967102340888708	8
	1005481413411685	18
	987822788530270	17
	545431843457442	2
	479699763560225	13
	1390499928053072	18
	3158497541031204	17
	385708423375927	18
	401433141729734	21
	error_write 401433141729734	0	21
	error_write 401433141729734	20	21
	821565065904802	12
add ads = 13
find ads = 24
	546624873324306	5
	326610115634186	8
	343507954316336	13
	452304620007149	14
	302136151961643	5
	538079008103235	6
	315430560576021	15
	4340261316075926	19
	error_write 4340261316075926	0	19
	459627235847309	32
	error_write 459627235847309	0	32
	error_write 459627235847309	31	32
	1077121939811146	10
add ads = 10
find ads = 24
	490777232617809	10
find ads = 24
	819828415392372	20
	error_write 819828415392372	0	20
	error_write 819828415392372	19	20
find ads = 24
	950108872220992	25
	error_write 950108872220992	0	25
	error_write 950108872220992	24	25
	2822756648021971	29
	error_write 2822756648021971	0	29
	error_write 2822756648021971	28	29
find ads = 24
	1582290635439075	10
add ads = 1
find ads = 24
	644450486852930	22
	error_write 644450486852930	0	22
	error_write 644450486852930	21	22
add ads = 1
